{
	"Calibration": {
		"Dynamic": {
			"CalibrationHistory": [
				{
					"Epipolar": 7.0003265456704985e-05,
					"Time": 13168257075.4152412
				},
				{
					"Epipolar": -1.46246068855808274e-05,
					"Time": 13168257078.6986847
				},
				{
					"Epipolar": 8.29953858473547458e-06,
					"Time": 13168257081.7872448
				},
				{
					"Epipolar": 8.34588321651160309e-05,
					"Time": 13168257141.9849854
				},
				{
					"Epipolar": 3.61462712959833481e-05,
					"Time": 13168257202.9898624
				}
			],
			"Stereo": {
				"Angle": {
					"Epipolar": 2.19860058176433261e-05,
					"Vergence": 0
				},
				"Left": {
					"Camera": [
						[
							1053.71036194950534,
							0,
							0
						],
						[
							0,
							1053.71036194950534,
							0
						],
						[
							534.65638491854213,
							429.53688923625748,
							1
						]
					],
					"Rotation": [
						[
							0.995343711493279049,
							-0.00430542602706560605,
							-0.0962930906010885795
						],
						[
							0.00442579207619338798,
							0.999989669016845051,
							0.00103644781791745189
						],
						[
							0.096287633449380669,
							-0.00145779501522954116,
							0.995352483534557297
						]
					]
				},
				"Reprojection": [
					[
						1,
						0,
						0,
						0
					],
					[
						0,
						1,
						0,
						0
					],
					[
						0,
						0,
						0,
						0.00993601095900028403
					],
					[
						-534.65638491854213,
						-429.53688923625748,
						1053.71036194950534,
						2.38791633682581184
					]
				],
				"Right": {
					"Camera": [
						[
							1053.71036194950534,
							0,
							0
						],
						[
							0,
							1053.71036194950534,
							0
						],
						[
							774.985863889454322,
							429.53688923625748,
							1
						]
					],
					"Rotation": [
						[
							0.99893322816601704,
							0.0021996673919638522,
							0.0461255583075669343
						],
						[
							-0.00215415236557552807,
							0.999997142697759078,
							-0.00103644773304813068
						],
						[
							-0.0461277063531876849,
							0.000935980599257377329,
							0.998935112330581632
						]
					]
				}
			}
		},
		"Monocular": {
			"Left": {
				"Camera": [
					[
						1150.54660509358837,
						0,
						0
					],
					[
						0,
						1150.04708243808955,
						0
					],
					[
						668.32440185546875,
						421.54461669921875,
						1
					]
				],
				"Distortion": {
					"K1": -0.624214258549224188,
					"K2": 0.673999496989579394,
					"K3": -0.658655187270701048,
					"Rx": 0,
					"Ry": 0,
					"T1": 0.00873613162577088938,
					"T2": -0.00622726474075794255
				}
			},
			"Right": {
				"Camera": [
					[
						1149.3957282335607,
						0,
						0
					],
					[
						0,
						1146.35250997770095,
						0
					],
					[
						679.91180419921875,
						464.41961669921875,
						1
					]
				],
				"Distortion": {
					"K1": -0.605402106596132916,
					"K2": 0.565115828253938579,
					"K3": -0.455553460678577438,
					"Rx": 0,
					"Ry": 0,
					"T1": 0.00934086962810295324,
					"T2": -0.00797019982756588634
				}
			}
		},
		"Stereo": {
			"Angle": {
				"Epipolar": 0.00211688048942374656,
				"OpticalAxis": -0.00652644124857568349,
				"Vergence": 0.142585509759159706
			},
			"Baseline": 100.644011377038126,
			"Left": {
				"Camera": [
					[
						1053.71036194950534,
						0,
						0
					],
					[
						0,
						1053.71036194950534,
						0
					],
					[
						534.65638491854213,
						429.53688923625748,
						1
					]
				],
				"Rotation": [
					[
						0.995343711493279049,
						-0.00430330892557503376,
						-0.0962931852369369595
					],
					[
						0.00442579207619338798,
						0.999989645987807485,
						0.00105843359634576672
					],
					[
						0.096287633449380669,
						-0.00147967884036903684,
						0.995352451242898617
					]
				]
			},
			"Rectification": true,
			"Reprojection": [
				[
					1,
					0,
					0,
					0
				],
				[
					0,
					1,
					0,
					0
				],
				[
					0,
					0,
					0,
					0.00993601095900028403
				],
				[
					-534.65638491854213,
					-429.53688923625748,
					1053.71036194950534,
					2.38791633682581184
				]
			],
			"Right": {
				"Camera": [
					[
						1053.71036194950534,
						0,
						0
					],
					[
						0,
						1053.71036194950534,
						0
					],
					[
						774.985863889454322,
						429.53688923625748,
						1
					]
				],
				"Rotation": [
					[
						0.99893322816601704,
						0.00220068150822541999,
						0.0461255099345186728
					],
					[
						-0.00215415236557552807,
						0.999997119668721735,
						-0.00105843367579283761
					],
					[
						-0.0461277063531876849,
						0.000957943192220537068,
						0.998935091510671946
					]
				]
			}
		}
	},
	"EepromId": 1,
	"Images": {
		"DisparityMap": 13168257227.0909996,
		"Normals": null,
		"PointMap": null,
		"Raw": {
			"Left": 13168257227.6749992,
			"Right": 13168257227.6749992
		},
		"Rectified": {
			"Left": 13168257227.0909996,
			"Right": 13168257227.0909996
		},
		"WithOverlay": {
			"Left": null,
			"Right": null
		}
	},
	"Link": {
		"Rotation": {
			"Angle": 0,
			"Axis": [
				1,
				0,
				0
			]
		},
		"Target": "",
		"Translation": [
			0,
			0,
			0
		]
	},
	"ModelName": "N35-604-16-BL",
	"Parameters": {
		"Capture": {
			"AbsoluteBlackLevelOffset": 0,
			"AutoBlackLevel": true,
			"AutoExposure": true,
			"AutoGain": true,
			"Binning": 1,
			"BlackLevelOffset": 0.5,
			"BlackLevelOffsetCalibration": {
				"Left": 0,
				"Right": 0
			},
			"Exposure": 9.99975024741340413,
			"FlashDelay": -0.0500000000000000028,
			"FlexView": false,
			"FrontLight": false,
			"Gain": 4,
			"GainBoost": false,
			"HardwareGamma": true,
			"Hdr": false,
			"ImageBuffer": {
				"Count": 0,
				"OverflowPolicy": "DiscardOld",
				"Size": 1
			},
			"MaxFlashTime": 10,
			"MaxGain": 4,
			"MultiExposureFactor": 1,
			"PixelClock": 24,
			"Projector": true,
			"TargetBrightness": 43,
			"TriggerDelay": 0,
			"TriggerMode": "Software",
			"Triggered": false,
			"UseDisparityMapAreaOfInterest": false,
			"UseRecalibrator": true
		},
		"DisparityMap": {
			"AreaOfInterest": {
				"LeftTop": [
					0,
					0
				],
				"RightBottom": [
					1279,
					1023
				]
			},
			"MeasurementVolume": {
				"Far": {
					"DisparityStep": 333.604488275434619,
					"LeftBottom": [
						-3018.03341389480602,
						3349.98617564777032,
						5947.99420830877807
					],
					"LeftTop": [
						-3018.03341389480602,
						-2424.65389132679002,
						5947.99420830877807
					],
					"PixelSize": 5.64480944963300058,
					"RightBottom": [
						4201.6778721858027,
						3349.98617564777032,
						5947.99420830877807
					],
					"RightTop": [
						4201.6778721858027,
						-2424.65389132679002,
						5947.99420830877807
					]
				},
				"Near": {
					"DisparityStep": 5.12641044073641083,
					"LeftBottom": [
						-374.123327648501402,
						415.273061537252147,
						737.328942682162165
					],
					"LeftTop": [
						-374.123327648501402,
						-300.566447688337064,
						737.328942682162165
					],
					"PixelSize": 0.699745365811915043,
					"RightBottom": [
						520.85099522493806,
						415.273061537252147,
						737.328942682162165
					],
					"RightTop": [
						520.85099522493806,
						-300.566447688337064,
						737.328942682162165
					]
				}
			},
			"PostProcessing": {
				"Filling": {
					"BorderSpread": 3,
					"RegionSize": 150
				},
				"MedianFilterRadius": 1,
				"SpeckleRemoval": {
					"ComponentThreshold": 3,
					"RegionSize": 150
				},
				"UniquenessOffset": 16,
				"UniquenessRatio": 10
			},
			"ScaledMeasurementVolume": {
				"Far": {
					"DisparityStep": 333.604488275434619,
					"LeftBottom": [
						-3018.03341389480602,
						3349.98617564777032,
						5947.99420830877807
					],
					"LeftTop": [
						-3018.03341389480602,
						-2424.65389132679002,
						5947.99420830877807
					],
					"PixelSize": 5.64480944963300058,
					"RightBottom": [
						4201.6778721858027,
						3349.98617564777032,
						5947.99420830877807
					],
					"RightTop": [
						4201.6778721858027,
						-2424.65389132679002,
						5947.99420830877807
					]
				},
				"Near": {
					"DisparityStep": 5.12641044073641083,
					"LeftBottom": [
						-374.123327648501402,
						415.273061537252147,
						737.328942682162165
					],
					"LeftTop": [
						-374.123327648501402,
						-300.566447688337064,
						737.328942682162165
					],
					"PixelSize": 0.699745365811915043,
					"RightBottom": [
						520.85099522493806,
						415.273061537252147,
						737.328942682162165
					],
					"RightTop": [
						520.85099522493806,
						-300.566447688337064,
						737.328942682162165
					]
				}
			},
			"Scaling": 1,
			"StereoMatching": {
				"CostScale": -3,
				"DepthChangeCost": 5,
				"DepthStepCost": 30,
				"Method": "SgmAlignedAndDiagonal",
				"MinimumDisparity": -223,
				"NumberOfDisparities": 128,
				"Padding": true,
				"PropagationDecay": 3,
				"ScaledMinimumDisparity": -223,
				"ScaledNumberOfDisparities": 128,
				"ShadowingThreshold": 1
			},
			"ValidRegion": {
				"LeftTop": [
					0,
					0
				],
				"RightBottom": [
					1056,
					1023
				]
			}
		},
		"IO": {
			"Input": false,
			"Output": {
				"Duration": 0,
				"Mode": "LowActive"
			}
		},
		"Overlay": {
			"Text": {
				"Angle": 0,
				"Color": [
					255,
					0,
					0
				],
				"Mirror": {
					"Horizontal": false,
					"Vertical": false
				}
			}
		},
		"TransportLayer": {
			"BandwidthLimit": 1000
		}
	},
	"Sensor": {
		"GlobalShutter": true,
		"ModelName": "UI524xTE-M",
		"PixelSize": 5.29999999999999982,
		"Port": {
			"Bandwidth": 100,
			"IpAddress": "192.168.1.21",
			"IpSubnetMask": "255.255.255.0",
			"NetworkAdapter": {
				"IpAddress": "192.168.1.117",
				"IpSubnetMask": "255.255.255.0"
			},
			"Type": "Ethernet"
		},
		"SerialNumber": "171366",
		"Size": [
			1280,
			1024
		],
		"Temperature": 44.25
	},
	"SerialNumber": "171366",
	"Status": {
		"Available": false,
		"Calibrated": true,
		"DynamicCalibrationLimitReached": false,
		"LocalEepromFile": false,
		"Open": true,
		"Overtemperature": false,
		"Paired": true,
		"ValidFirmware": true,
		"ValidIpAddress": true
	},
	"Type": "Stereo"
}